     0.991207    0.097988
     0.989992    0.098109
     0.987784    0.098327
     0.984942    0.098605
     0.981598    0.098929
     0.977830    0.099290
     0.973689    0.099681
     0.969217    0.100098
     0.964444    0.100537
     0.959396    0.100993
     0.954095    0.101464
     0.948559    0.101947
     0.942805    0.102440
     0.936847    0.102940
     0.930697    0.103446
     0.924368    0.103955
     0.917869    0.104466
     0.911211    0.104977
     0.904403    0.105488
     0.897453    0.105996
     0.890368    0.106500
     0.883156    0.107000
     0.875824    0.107493
     0.868379    0.107980
     0.860825    0.108460
     0.853170    0.108930
     0.845419    0.109392
     0.837576    0.109843
     0.829648    0.110283
     0.821638    0.110711
     0.813551    0.111128
     0.805392    0.111531
     0.797165    0.111921
     0.788874    0.112297
     0.780523    0.112659
     0.772116    0.113005
     0.763656    0.113336
     0.755148    0.113651
     0.746594    0.113949
     0.737998    0.114230
     0.729363    0.114494
     0.720693    0.114740
     0.711990    0.114968
     0.703257    0.115177
     0.694499    0.115367
     0.685716    0.115537
     0.676913    0.115687
     0.668091    0.115817
     0.659254    0.115926
     0.650405    0.116014
     0.641545    0.116080
     0.632678    0.116124
     0.623805    0.116145
     0.614930    0.116144
     0.606054    0.116119
     0.597180    0.116070
     0.588311    0.115997
     0.579448    0.115899
     0.570594    0.115776
     0.561751    0.115627
     0.552921    0.115452
     0.544106    0.115251
     0.535309    0.115022
     0.526530    0.114767
     0.517774    0.114483
     0.509040    0.114170
     0.500332    0.113829
     0.491651    0.113459
     0.483000    0.113059
     0.474379    0.112628
     0.465792    0.112167
     0.457239    0.111674
     0.453960    0.111476
     0.452320    0.111375
     0.449151    0.111702
     0.442810    0.112338
     0.434471    0.113144
     0.426171    0.113908
     0.417911    0.114630
     0.409693    0.115310
     0.401518    0.115946
     0.393388    0.116539
     0.385305    0.117088
     0.377270    0.117591
     0.369284    0.118049
     0.361349    0.118461
     0.353467    0.118826
     0.345638    0.119144
     0.337864    0.119414
     0.330147    0.119636
     0.322488    0.119810
     0.314888    0.119934
     0.307349    0.120009
     0.299872    0.120035
     0.292459    0.120010
     0.285110    0.119935
     0.277827    0.119809
     0.270611    0.119632
     0.263464    0.119404
     0.256387    0.119124
     0.249381    0.118793
     0.242448    0.118411
     0.235588    0.117977
     0.228802    0.117490
     0.222093    0.116952
     0.215461    0.116363
     0.208908    0.115721
     0.202435    0.115027
     0.196042    0.114282
     0.189731    0.113486
     0.183503    0.112637
     0.177360    0.111738
     0.171302    0.110788
     0.165331    0.109787
     0.159448    0.108735
     0.153654    0.107633
     0.147949    0.106481
     0.142336    0.105280
     0.136815    0.104030
     0.131387    0.102730
     0.126053    0.101383
     0.120815    0.099987
     0.115674    0.098545
     0.110630    0.097055
     0.105684    0.095519
     0.100839    0.093937
     0.096094    0.092310
     0.091450    0.090638
     0.086910    0.088922
     0.082473    0.087163
     0.078141    0.085361
     0.073915    0.083516
     0.069796    0.081630
     0.065784    0.079703
     0.061881    0.077735
     0.058089    0.075728
     0.054406    0.073682
     0.050836    0.071597
     0.047378    0.069475
     0.044034    0.067315
     0.040804    0.065120
     0.037690    0.062888
     0.034693    0.060621
     0.031813    0.058320
     0.029051    0.055985
     0.026409    0.053617
     0.023886    0.051216
     0.021485    0.048783
     0.019206    0.046319
     0.017050    0.043823
     0.015018    0.041297
     0.013111    0.038740
     0.011329    0.036155
     0.009674    0.033540
     0.008146    0.030896
     0.006746    0.028224
     0.005476    0.025524
     0.004336    0.022797
     0.003327    0.020041
     0.002449    0.017259
     0.001704    0.014449
     0.001093    0.011613
     0.000616    0.008750
     0.000274    0.005860
     0.000069    0.002943
     0.000000    0.000000
     0.000069   -0.002943
     0.000274   -0.005860
     0.000616   -0.008750
     0.001093   -0.011613
     0.001704   -0.014449
     0.002449   -0.017259
     0.003327   -0.020041
     0.004336   -0.022797
     0.005476   -0.025524
     0.006746   -0.028224
     0.008146   -0.030896
     0.009674   -0.033540
     0.011329   -0.036155
     0.013111   -0.038740
     0.015018   -0.041297
     0.017050   -0.043823
     0.019206   -0.046319
     0.021485   -0.048783
     0.023886   -0.051216
     0.026409   -0.053617
     0.029051   -0.055985
     0.031813   -0.058320
     0.034693   -0.060621
     0.037690   -0.062888
     0.040804   -0.065120
     0.044034   -0.067315
     0.047378   -0.069475
     0.050836   -0.071597
     0.054406   -0.073682
     0.058089   -0.075728
     0.061881   -0.077735
     0.065784   -0.079703
     0.069796   -0.081630
     0.073915   -0.083516
     0.078141   -0.085361
     0.082473   -0.087163
     0.086910   -0.088922
     0.091450   -0.090638
     0.096094   -0.092310
     0.100839   -0.093937
     0.105684   -0.095519
     0.110630   -0.097055
     0.115674   -0.098545
     0.120815   -0.099987
     0.126053   -0.101383
     0.131387   -0.102730
     0.136815   -0.104030
     0.142336   -0.105280
     0.147949   -0.106481
     0.153654   -0.107633
     0.159448   -0.108735
     0.165331   -0.109787
     0.171302   -0.110788
     0.177360   -0.111738
     0.183503   -0.112637
     0.189731   -0.113486
     0.196042   -0.114282
     0.202435   -0.115027
     0.208908   -0.115721
     0.215461   -0.116363
     0.222093   -0.116952
     0.228802   -0.117490
     0.235588   -0.117977
     0.242448   -0.118411
     0.249381   -0.118793
     0.256387   -0.119124
     0.263464   -0.119404
     0.270611   -0.119632
     0.277827   -0.119809
     0.285110   -0.119935
     0.292459   -0.120010
     0.299872   -0.120035
     0.307349   -0.120009
     0.314888   -0.119934
     0.322488   -0.119810
     0.330147   -0.119636
     0.337864   -0.119414
     0.345638   -0.119144
     0.353467   -0.118826
     0.361349   -0.118461
     0.369284   -0.118049
     0.377270   -0.117591
     0.385305   -0.117088
     0.393388   -0.116539
     0.401518   -0.115946
     0.409693   -0.115310
     0.417911   -0.114630
     0.426171   -0.113908
     0.434471   -0.113144
     0.442810   -0.112338
     0.451186   -0.111493
     0.459598   -0.110607
     0.463902   -0.110125
     0.467737   -0.109572
     0.471550   -0.108887
     0.475337   -0.108068
     0.479093   -0.107118
     0.486816   -0.104883
     0.494997   -0.102463
     0.503203   -0.100001
     0.511430   -0.097497
     0.519678   -0.094954
     0.527945   -0.092371
     0.536229   -0.089750
     0.544528   -0.087092
     0.552842   -0.084399
     0.561168   -0.081670
     0.569504   -0.078909
     0.577849   -0.076114
     0.586201   -0.073289
     0.594558   -0.070433
     0.602919   -0.067548
     0.611281   -0.064635
     0.619643   -0.061696
     0.628003   -0.058731
     0.636358   -0.055742
     0.644707   -0.052730
     0.653047   -0.049696
     0.661378   -0.046641
     0.669695   -0.043567
     0.677998   -0.040475
     0.686284   -0.037365
     0.694550   -0.034241
     0.702796   -0.031102
     0.711017   -0.027949
     0.719211   -0.024786
     0.727377   -0.021612
     0.735511   -0.018429
     0.743611   -0.015238
     0.751675   -0.012041
     0.759698   -0.008840
     0.767680   -0.005636
     0.775616   -0.002430
     0.783504    0.000776
     0.791340    0.003980
     0.799122    0.007181
     0.806845    0.010377
     0.814508    0.013566
     0.822105    0.016746
     0.829634    0.019916
     0.837091    0.023073
     0.844471    0.026215
     0.851771    0.029341
     0.858986    0.032447
     0.866113    0.035531
     0.873145    0.038592
     0.880079    0.041626
     0.886909    0.044630
     0.893630    0.047601
     0.900236    0.050537
     0.906720    0.053434
     0.913078    0.056289
     0.919301    0.059097
     0.925383    0.061855
     0.931314    0.064558
     0.937088    0.067201
     0.942694    0.069779
     0.948122    0.072287
     0.953361    0.074718
     0.958397    0.077065
     0.963218    0.079321
     0.967805    0.081476
     0.972140    0.083521
     0.976200    0.085442
     0.979957    0.087227
     0.983375    0.088855
     0.986406    0.090303
     0.988981    0.091536
     0.990982    0.092496
     0.992082    0.093025
