     1.000000    0.002520
     0.998825    0.002850
     0.996688    0.003448
     0.993938    0.004215
     0.990701    0.005115
     0.987052    0.006125
     0.983043    0.007229
     0.978711    0.008417
     0.974086    0.009677
     0.969195    0.011003
     0.964056    0.012388
     0.958688    0.013825
     0.953107    0.015309
     0.947326    0.016836
     0.941357    0.018402
     0.935212    0.020003
     0.928901    0.021634
     0.922433    0.023294
     0.915817    0.024979
     0.909061    0.026686
     0.902171    0.028413
     0.895156    0.030157
     0.888021    0.031917
     0.880773    0.033689
     0.873418    0.035473
     0.865961    0.037266
     0.858407    0.039066
     0.850762    0.040872
     0.843030    0.042682
     0.835217    0.044495
     0.827325    0.046310
     0.819360    0.048124
     0.811326    0.049936
     0.803226    0.051746
     0.795065    0.053552
     0.786845    0.055353
     0.778572    0.057148
     0.770247    0.058936
     0.761875    0.060715
     0.753458    0.062484
     0.745001    0.064244
     0.736505    0.065992
     0.727973    0.067727
     0.719410    0.069449
     0.710817    0.071157
     0.702198    0.072850
     0.693554    0.074527
     0.684889    0.076186
     0.676206    0.077828
     0.667506    0.079451
     0.658792    0.081055
     0.650067    0.082638
     0.641333    0.084200
     0.632592    0.085739
     0.623847    0.087256
     0.615100    0.088749
     0.606352    0.090217
     0.597607    0.091660
     0.588866    0.093076
     0.580132    0.094465
     0.571405    0.095826
     0.562689    0.097159
     0.553986    0.098461
     0.545297    0.099734
     0.536624    0.100975
     0.527969    0.102184
     0.519334    0.103360
     0.510721    0.104502
     0.502131    0.105611
     0.493567    0.106683
     0.485030    0.107720
     0.476521    0.108720
     0.468043    0.109683
     0.459598    0.110607
     0.451186    0.111493
     0.442810    0.112338
     0.434471    0.113144
     0.426171    0.113908
     0.417911    0.114630
     0.409693    0.115310
     0.401518    0.115946
     0.393388    0.116539
     0.385305    0.117088
     0.377270    0.117591
     0.369284    0.118049
     0.361349    0.118461
     0.353467    0.118826
     0.345638    0.119144
     0.337864    0.119414
     0.330147    0.119636
     0.322488    0.119810
     0.314888    0.119934
     0.307349    0.120009
     0.299872    0.120035
     0.292459    0.120010
     0.285110    0.119935
     0.277827    0.119809
     0.270611    0.119632
     0.263464    0.119404
     0.256387    0.119124
     0.249381    0.118793
     0.242448    0.118411
     0.235588    0.117977
     0.228802    0.117490
     0.222093    0.116952
     0.215461    0.116363
     0.208908    0.115721
     0.202435    0.115027
     0.196042    0.114282
     0.189731    0.113486
     0.183503    0.112637
     0.177360    0.111738
     0.171302    0.110788
     0.165331    0.109787
     0.159448    0.108735
     0.153654    0.107633
     0.147949    0.106481
     0.142336    0.105280
     0.136815    0.104030
     0.131387    0.102730
     0.126053    0.101383
     0.120815    0.099987
     0.115674    0.098545
     0.110630    0.097055
     0.105684    0.095519
     0.100839    0.093937
     0.096094    0.092310
     0.091450    0.090638
     0.086910    0.088922
     0.082473    0.087163
     0.078141    0.085361
     0.073915    0.083516
     0.069796    0.081630
     0.065784    0.079703
     0.061881    0.077735
     0.058089    0.075728
     0.054406    0.073682
     0.050836    0.071597
     0.047378    0.069475
     0.044034    0.067315
     0.040804    0.065120
     0.037690    0.062888
     0.034693    0.060621
     0.031813    0.058320
     0.029051    0.055985
     0.026409    0.053617
     0.023886    0.051216
     0.021485    0.048783
     0.019206    0.046319
     0.017050    0.043823
     0.015018    0.041297
     0.013111    0.038740
     0.011329    0.036155
     0.009674    0.033540
     0.008146    0.030896
     0.006746    0.028224
     0.005476    0.025524
     0.004336    0.022797
     0.003327    0.020041
     0.002449    0.017259
     0.001704    0.014449
     0.001093    0.011613
     0.000616    0.008750
     0.000274    0.005860
     0.000069    0.002943
     0.000000    0.000000
     0.000069   -0.002943
     0.000274   -0.005860
     0.000616   -0.008750
     0.001093   -0.011613
     0.001704   -0.014449
     0.002449   -0.017259
     0.003327   -0.020041
     0.004336   -0.022797
     0.005476   -0.025524
     0.006746   -0.028224
     0.008146   -0.030896
     0.009674   -0.033540
     0.011329   -0.036155
     0.013111   -0.038740
     0.015018   -0.041297
     0.017050   -0.043823
     0.019206   -0.046319
     0.021485   -0.048783
     0.023886   -0.051216
     0.026409   -0.053617
     0.029051   -0.055985
     0.031813   -0.058320
     0.034693   -0.060621
     0.037690   -0.062888
     0.040804   -0.065120
     0.044034   -0.067315
     0.047378   -0.069475
     0.050836   -0.071597
     0.054406   -0.073682
     0.058089   -0.075728
     0.061881   -0.077735
     0.065784   -0.079703
     0.069796   -0.081630
     0.073915   -0.083516
     0.078141   -0.085361
     0.082473   -0.087163
     0.086910   -0.088922
     0.091450   -0.090638
     0.096094   -0.092310
     0.100839   -0.093937
     0.105684   -0.095519
     0.110630   -0.097055
     0.115674   -0.098545
     0.120815   -0.099987
     0.126053   -0.101383
     0.131387   -0.102730
     0.136815   -0.104030
     0.142336   -0.105280
     0.147949   -0.106481
     0.153654   -0.107633
     0.159448   -0.108735
     0.165331   -0.109787
     0.171302   -0.110788
     0.177360   -0.111738
     0.183503   -0.112637
     0.189731   -0.113486
     0.196042   -0.114282
     0.202435   -0.115027
     0.208908   -0.115721
     0.215461   -0.116363
     0.222093   -0.116952
     0.228802   -0.117490
     0.235588   -0.117977
     0.242448   -0.118411
     0.249381   -0.118793
     0.256387   -0.119124
     0.263464   -0.119404
     0.270611   -0.119632
     0.277827   -0.119809
     0.285110   -0.119935
     0.292459   -0.120010
     0.299872   -0.120035
     0.307349   -0.120009
     0.314888   -0.119934
     0.322488   -0.119810
     0.330147   -0.119636
     0.337864   -0.119414
     0.345638   -0.119144
     0.353467   -0.118826
     0.361349   -0.118461
     0.369284   -0.118049
     0.377270   -0.117591
     0.385305   -0.117088
     0.393388   -0.116539
     0.401518   -0.115946
     0.409693   -0.115310
     0.417911   -0.114630
     0.426171   -0.113908
     0.434471   -0.113144
     0.442810   -0.112338
     0.451186   -0.111493
     0.459598   -0.110607
     0.468043   -0.109683
     0.476521   -0.108720
     0.485030   -0.107720
     0.493567   -0.106683
     0.502131   -0.105611
     0.510721   -0.104502
     0.519334   -0.103360
     0.527969   -0.102184
     0.536624   -0.100975
     0.545297   -0.099734
     0.553986   -0.098461
     0.562689   -0.097159
     0.571405   -0.095826
     0.580132   -0.094465
     0.588866   -0.093076
     0.597607   -0.091660
     0.606352   -0.090217
     0.615100   -0.088749
     0.623847   -0.087256
     0.632592   -0.085739
     0.641333   -0.084200
     0.650067   -0.082638
     0.658792   -0.081055
     0.667506   -0.079451
     0.676206   -0.077828
     0.684889   -0.076186
     0.693554   -0.074527
     0.702198   -0.072850
     0.710817   -0.071157
     0.719410   -0.069449
     0.727973   -0.067727
     0.736505   -0.065992
     0.745001   -0.064244
     0.753458   -0.062484
     0.761875   -0.060715
     0.770247   -0.058936
     0.778572   -0.057148
     0.786845   -0.055353
     0.795065   -0.053552
     0.803226   -0.051746
     0.811326   -0.049936
     0.819360   -0.048124
     0.827325   -0.046310
     0.835217   -0.044495
     0.843030   -0.042682
     0.850762   -0.040872
     0.858407   -0.039066
     0.865961   -0.037266
     0.873418   -0.035473
     0.880773   -0.033689
     0.888021   -0.031917
     0.895156   -0.030157
     0.902171   -0.028413
     0.909061   -0.026686
     0.915817   -0.024979
     0.922433   -0.023294
     0.928901   -0.021634
     0.935212   -0.020003
     0.941357   -0.018402
     0.947326   -0.016836
     0.953107   -0.015309
     0.958688   -0.013825
     0.964056   -0.012388
     0.969195   -0.011003
     0.974086   -0.009677
     0.978711   -0.008417
     0.983043   -0.007229
     0.987052   -0.006125
     0.990701   -0.005115
     0.993938   -0.004215
     0.996688   -0.003448
     0.998825   -0.002850
     1.000000   -0.002520
