     0.981911   -0.139916
     0.980861   -0.139294
     0.978952   -0.138163
     0.976494   -0.136710
     0.973601   -0.135003
     0.970338   -0.133083
     0.966751   -0.130979
     0.962874   -0.128711
     0.958733   -0.126296
     0.954351   -0.123749
     0.949746   -0.121082
     0.944933   -0.118305
     0.939926   -0.115426
     0.934737   -0.112455
     0.929377   -0.109398
     0.923856   -0.106261
     0.918183   -0.103052
     0.912365   -0.099774
     0.906410   -0.096435
     0.900325   -0.093037
     0.894118   -0.089586
     0.887793   -0.086085
     0.881357   -0.082539
     0.874814   -0.078951
     0.868171   -0.075324
     0.861432   -0.071663
     0.854602   -0.067969
     0.847685   -0.064246
     0.840685   -0.060496
     0.833607   -0.056722
     0.826454   -0.052927
     0.819230   -0.049114
     0.811938   -0.045283
     0.804583   -0.041438
     0.797167   -0.037582
     0.789694   -0.033715
     0.782167   -0.029840
     0.774589   -0.025959
     0.766962   -0.022073
     0.759290   -0.018185
     0.751576   -0.014297
     0.743822   -0.010410
     0.736031   -0.006526
     0.728205   -0.002646
     0.720347    0.001228
     0.712459    0.005094
     0.704544    0.008951
     0.696604    0.012796
     0.688641    0.016630
     0.680658    0.020449
     0.672656    0.024253
     0.664638    0.028041
     0.656606    0.031810
     0.648562    0.035559
     0.640507    0.039288
     0.632444    0.042994
     0.624375    0.046676
     0.616301    0.050333
     0.608224    0.053963
     0.600147    0.057566
     0.592070    0.061139
     0.583996    0.064682
     0.575926    0.068193
     0.567863    0.071671
     0.559806    0.075114
     0.551759    0.078522
     0.543723    0.081893
     0.535699    0.085226
     0.527689    0.088519
     0.519694    0.091772
     0.511716    0.094983
     0.503756    0.098152
     0.495817    0.101276
     0.488189    0.104222
     0.484265    0.105578
     0.480293    0.106785
     0.476279    0.107843
     0.472229    0.108750
     0.468147    0.109505
     0.464039    0.110107
     0.459598    0.110607
     0.451186    0.111493
     0.442810    0.112338
     0.434471    0.113144
     0.426171    0.113908
     0.417911    0.114630
     0.409693    0.115310
     0.401518    0.115946
     0.393388    0.116539
     0.385305    0.117088
     0.377270    0.117591
     0.369284    0.118049
     0.361349    0.118461
     0.353467    0.118826
     0.345638    0.119144
     0.337864    0.119414
     0.330147    0.119636
     0.322488    0.119810
     0.314888    0.119934
     0.307349    0.120009
     0.299872    0.120035
     0.292459    0.120010
     0.285110    0.119935
     0.277827    0.119809
     0.270611    0.119632
     0.263464    0.119404
     0.256387    0.119124
     0.249381    0.118793
     0.242448    0.118411
     0.235588    0.117977
     0.228802    0.117490
     0.222093    0.116952
     0.215461    0.116363
     0.208908    0.115721
     0.202435    0.115027
     0.196042    0.114282
     0.189731    0.113486
     0.183503    0.112637
     0.177360    0.111738
     0.171302    0.110788
     0.165331    0.109787
     0.159448    0.108735
     0.153654    0.107633
     0.147949    0.106481
     0.142336    0.105280
     0.136815    0.104030
     0.131387    0.102730
     0.126053    0.101383
     0.120815    0.099987
     0.115674    0.098545
     0.110630    0.097055
     0.105684    0.095519
     0.100839    0.093937
     0.096094    0.092310
     0.091450    0.090638
     0.086910    0.088922
     0.082473    0.087163
     0.078141    0.085361
     0.073915    0.083516
     0.069796    0.081630
     0.065784    0.079703
     0.061881    0.077735
     0.058089    0.075728
     0.054406    0.073682
     0.050836    0.071597
     0.047378    0.069475
     0.044034    0.067315
     0.040804    0.065120
     0.037690    0.062888
     0.034693    0.060621
     0.031813    0.058320
     0.029051    0.055985
     0.026409    0.053617
     0.023886    0.051216
     0.021485    0.048783
     0.019206    0.046319
     0.017050    0.043823
     0.015018    0.041297
     0.013111    0.038740
     0.011329    0.036155
     0.009674    0.033540
     0.008146    0.030896
     0.006746    0.028224
     0.005476    0.025524
     0.004336    0.022797
     0.003327    0.020041
     0.002449    0.017259
     0.001704    0.014449
     0.001093    0.011613
     0.000616    0.008750
     0.000274    0.005860
     0.000069    0.002943
     0.000000    0.000000
     0.000069   -0.002943
     0.000274   -0.005860
     0.000616   -0.008750
     0.001093   -0.011613
     0.001704   -0.014449
     0.002449   -0.017259
     0.003327   -0.020041
     0.004336   -0.022797
     0.005476   -0.025524
     0.006746   -0.028224
     0.008146   -0.030896
     0.009674   -0.033540
     0.011329   -0.036155
     0.013111   -0.038740
     0.015018   -0.041297
     0.017050   -0.043823
     0.019206   -0.046319
     0.021485   -0.048783
     0.023886   -0.051216
     0.026409   -0.053617
     0.029051   -0.055985
     0.031813   -0.058320
     0.034693   -0.060621
     0.037690   -0.062888
     0.040804   -0.065120
     0.044034   -0.067315
     0.047378   -0.069475
     0.050836   -0.071597
     0.054406   -0.073682
     0.058089   -0.075728
     0.061881   -0.077735
     0.065784   -0.079703
     0.069796   -0.081630
     0.073915   -0.083516
     0.078141   -0.085361
     0.082473   -0.087163
     0.086910   -0.088922
     0.091450   -0.090638
     0.096094   -0.092310
     0.100839   -0.093937
     0.105684   -0.095519
     0.110630   -0.097055
     0.115674   -0.098545
     0.120815   -0.099987
     0.126053   -0.101383
     0.131387   -0.102730
     0.136815   -0.104030
     0.142336   -0.105280
     0.147949   -0.106481
     0.153654   -0.107633
     0.159448   -0.108735
     0.165331   -0.109787
     0.171302   -0.110788
     0.177360   -0.111738
     0.183503   -0.112637
     0.189731   -0.113486
     0.196042   -0.114282
     0.202435   -0.115027
     0.208908   -0.115721
     0.215461   -0.116363
     0.222093   -0.116952
     0.228802   -0.117490
     0.235588   -0.117977
     0.242448   -0.118411
     0.249381   -0.118793
     0.256387   -0.119124
     0.263464   -0.119404
     0.270611   -0.119632
     0.277827   -0.119809
     0.285110   -0.119935
     0.292459   -0.120010
     0.299872   -0.120035
     0.307349   -0.120009
     0.314888   -0.119934
     0.322488   -0.119810
     0.330147   -0.119636
     0.337864   -0.119414
     0.345638   -0.119144
     0.353467   -0.118826
     0.361349   -0.118461
     0.369284   -0.118049
     0.377270   -0.117591
     0.385305   -0.117088
     0.393388   -0.116539
     0.401518   -0.115946
     0.409693   -0.115310
     0.417911   -0.114630
     0.426171   -0.113908
     0.434471   -0.113144
     0.442810   -0.112338
     0.445900   -0.112031
     0.447445   -0.111875
     0.450281   -0.112292
     0.455956   -0.113116
     0.464471   -0.114324
     0.473021   -0.115504
     0.481604   -0.116657
     0.490220   -0.117783
     0.498865   -0.118882
     0.507538   -0.119954
     0.516237   -0.121000
     0.524959   -0.122020
     0.533703   -0.123014
     0.542467   -0.123983
     0.551248   -0.124927
     0.560045   -0.125846
     0.568854   -0.126740
     0.577675   -0.127610
     0.586504   -0.128456
     0.595340   -0.129278
     0.604180   -0.130076
     0.613021   -0.130851
     0.621862   -0.131603
     0.630699   -0.132332
     0.639531   -0.133039
     0.648355   -0.133722
     0.657167   -0.134384
     0.665966   -0.135024
     0.674749   -0.135641
     0.683513   -0.136237
     0.692255   -0.136811
     0.700973   -0.137364
     0.709662   -0.137896
     0.718321   -0.138406
     0.726946   -0.138896
     0.735534   -0.139365
     0.744081   -0.139814
     0.752585   -0.140242
     0.761041   -0.140649
     0.769446   -0.141037
     0.777797   -0.141405
     0.786089   -0.141753
     0.794319   -0.142081
     0.802482   -0.142390
     0.810574   -0.142681
     0.818591   -0.142952
     0.826528   -0.143204
     0.834380   -0.143438
     0.842142   -0.143655
     0.849809   -0.143853
     0.857376   -0.144034
     0.864835   -0.144197
     0.872182   -0.144345
     0.879410   -0.144475
     0.886512   -0.144590
     0.893480   -0.144690
     0.900307   -0.144775
     0.906984   -0.144846
     0.913502   -0.144903
     0.919852   -0.144948
     0.926022   -0.144980
     0.932002   -0.145001
     0.937777   -0.145012
     0.943334   -0.145013
     0.948656   -0.145006
     0.953724   -0.144991
     0.958517   -0.144970
     0.963008   -0.144944
     0.967167   -0.144915
     0.970953   -0.144884
     0.974313   -0.144853
     0.977168   -0.144823
     0.979386   -0.144799
     0.980607   -0.144785
