     0.967693   -0.185743
     0.966701   -0.185031
     0.964898   -0.183739
     0.962576   -0.182077
     0.959842   -0.180124
     0.956759   -0.177927
     0.953369   -0.175518
     0.949704   -0.172921
     0.945790   -0.170154
     0.941647   -0.167235
     0.937291   -0.164177
     0.932739   -0.160991
     0.928002   -0.157687
     0.923092   -0.154274
     0.918019   -0.150762
     0.912792   -0.147156
     0.907419   -0.143464
     0.901909   -0.139693
     0.896268   -0.135846
     0.890503   -0.131931
     0.884620   -0.127952
     0.878624   -0.123914
     0.872521   -0.119820
     0.866317   -0.115676
     0.860015   -0.111484
     0.853621   -0.107249
     0.847139   -0.102974
     0.840572   -0.098662
     0.833926   -0.094316
     0.827203   -0.089940
     0.820408   -0.085536
     0.813544   -0.081107
     0.806614   -0.076656
     0.799622   -0.072185
     0.792571   -0.067696
     0.785463   -0.063193
     0.778302   -0.058676
     0.771091   -0.054150
     0.763832   -0.049614
     0.756528   -0.045073
     0.749182   -0.040527
     0.741797   -0.035979
     0.734374   -0.031430
     0.726916   -0.026883
     0.719425   -0.022339
     0.711904   -0.017800
     0.704356   -0.013268
     0.696781   -0.008745
     0.689183   -0.004232
     0.681563    0.000268
     0.673923    0.004755
     0.666265    0.009227
     0.658592    0.013682
     0.650905    0.018118
     0.643206    0.022535
     0.635497    0.026929
     0.627779    0.031300
     0.620055    0.035647
     0.612325    0.039968
     0.604593    0.044260
     0.596858    0.048524
     0.589124    0.052757
     0.581391    0.056958
     0.573661    0.061126
     0.565935    0.065258
     0.558216    0.069354
     0.550504    0.073413
     0.542801    0.077433
     0.535108    0.081412
     0.527427    0.085349
     0.519760    0.089243
     0.512106    0.093093
     0.504469    0.096897
     0.497252    0.100439
     0.493718    0.102027
     0.490131    0.103490
     0.486495    0.104828
     0.482814    0.106037
     0.479093    0.107118
     0.475337    0.108068
     0.471550    0.108887
     0.467737    0.109572
     0.463902    0.110125
     0.459598    0.110607
     0.451186    0.111493
     0.442810    0.112338
     0.434471    0.113144
     0.426171    0.113908
     0.417911    0.114630
     0.409693    0.115310
     0.401518    0.115946
     0.393388    0.116539
     0.385305    0.117088
     0.377270    0.117591
     0.369284    0.118049
     0.361349    0.118461
     0.353467    0.118826
     0.345638    0.119144
     0.337864    0.119414
     0.330147    0.119636
     0.322488    0.119810
     0.314888    0.119934
     0.307349    0.120009
     0.299872    0.120035
     0.292459    0.120010
     0.285110    0.119935
     0.277827    0.119809
     0.270611    0.119632
     0.263464    0.119404
     0.256387    0.119124
     0.249381    0.118793
     0.242448    0.118411
     0.235588    0.117977
     0.228802    0.117490
     0.222093    0.116952
     0.215461    0.116363
     0.208908    0.115721
     0.202435    0.115027
     0.196042    0.114282
     0.189731    0.113486
     0.183503    0.112637
     0.177360    0.111738
     0.171302    0.110788
     0.165331    0.109787
     0.159448    0.108735
     0.153654    0.107633
     0.147949    0.106481
     0.142336    0.105280
     0.136815    0.104030
     0.131387    0.102730
     0.126053    0.101383
     0.120815    0.099987
     0.115674    0.098545
     0.110630    0.097055
     0.105684    0.095519
     0.100839    0.093937
     0.096094    0.092310
     0.091450    0.090638
     0.086910    0.088922
     0.082473    0.087163
     0.078141    0.085361
     0.073915    0.083516
     0.069796    0.081630
     0.065784    0.079703
     0.061881    0.077735
     0.058089    0.075728
     0.054406    0.073682
     0.050836    0.071597
     0.047378    0.069475
     0.044034    0.067315
     0.040804    0.065120
     0.037690    0.062888
     0.034693    0.060621
     0.031813    0.058320
     0.029051    0.055985
     0.026409    0.053617
     0.023886    0.051216
     0.021485    0.048783
     0.019206    0.046319
     0.017050    0.043823
     0.015018    0.041297
     0.013111    0.038740
     0.011329    0.036155
     0.009674    0.033540
     0.008146    0.030896
     0.006746    0.028224
     0.005476    0.025524
     0.004336    0.022797
     0.003327    0.020041
     0.002449    0.017259
     0.001704    0.014449
     0.001093    0.011613
     0.000616    0.008750
     0.000274    0.005860
     0.000069    0.002943
     0.000000    0.000000
     0.000069   -0.002943
     0.000274   -0.005860
     0.000616   -0.008750
     0.001093   -0.011613
     0.001704   -0.014449
     0.002449   -0.017259
     0.003327   -0.020041
     0.004336   -0.022797
     0.005476   -0.025524
     0.006746   -0.028224
     0.008146   -0.030896
     0.009674   -0.033540
     0.011329   -0.036155
     0.013111   -0.038740
     0.015018   -0.041297
     0.017050   -0.043823
     0.019206   -0.046319
     0.021485   -0.048783
     0.023886   -0.051216
     0.026409   -0.053617
     0.029051   -0.055985
     0.031813   -0.058320
     0.034693   -0.060621
     0.037690   -0.062888
     0.040804   -0.065120
     0.044034   -0.067315
     0.047378   -0.069475
     0.050836   -0.071597
     0.054406   -0.073682
     0.058089   -0.075728
     0.061881   -0.077735
     0.065784   -0.079703
     0.069796   -0.081630
     0.073915   -0.083516
     0.078141   -0.085361
     0.082473   -0.087163
     0.086910   -0.088922
     0.091450   -0.090638
     0.096094   -0.092310
     0.100839   -0.093937
     0.105684   -0.095519
     0.110630   -0.097055
     0.115674   -0.098545
     0.120815   -0.099987
     0.126053   -0.101383
     0.131387   -0.102730
     0.136815   -0.104030
     0.142336   -0.105280
     0.147949   -0.106481
     0.153654   -0.107633
     0.159448   -0.108735
     0.165331   -0.109787
     0.171302   -0.110788
     0.177360   -0.111738
     0.183503   -0.112637
     0.189731   -0.113486
     0.196042   -0.114282
     0.202435   -0.115027
     0.208908   -0.115721
     0.215461   -0.116363
     0.222093   -0.116952
     0.228802   -0.117490
     0.235588   -0.117977
     0.242448   -0.118411
     0.249381   -0.118793
     0.256387   -0.119124
     0.263464   -0.119404
     0.270611   -0.119632
     0.277827   -0.119809
     0.285110   -0.119935
     0.292459   -0.120010
     0.299872   -0.120035
     0.307349   -0.120009
     0.314888   -0.119934
     0.322488   -0.119810
     0.330147   -0.119636
     0.337864   -0.119414
     0.345638   -0.119144
     0.353467   -0.118826
     0.361349   -0.118461
     0.369284   -0.118049
     0.377270   -0.117591
     0.385305   -0.117088
     0.393388   -0.116539
     0.401518   -0.115946
     0.409693   -0.115310
     0.417911   -0.114630
     0.426171   -0.113908
     0.434471   -0.113144
     0.439834   -0.112630
     0.442514   -0.112368
     0.446492   -0.113302
     0.454451   -0.115150
     0.462866   -0.117071
     0.471317   -0.118968
     0.479801   -0.120840
     0.488318   -0.122688
     0.496864   -0.124512
     0.505439   -0.126312
     0.514039   -0.128089
     0.522663   -0.129841
     0.531309   -0.131570
     0.539975   -0.133276
     0.548658   -0.134958
     0.557356   -0.136616
     0.566067   -0.138252
     0.574789   -0.139864
     0.583520   -0.141453
     0.592256   -0.143019
     0.600996   -0.144562
     0.609738   -0.146081
     0.618478   -0.147578
     0.627215   -0.149051
     0.635945   -0.150501
     0.644667   -0.151929
     0.653377   -0.153332
     0.662072   -0.154713
     0.670751   -0.156071
     0.679410   -0.157405
     0.688046   -0.158715
     0.696656   -0.160002
     0.705237   -0.161265
     0.713787   -0.162505
     0.722301   -0.163721
     0.730777   -0.164912
     0.739211   -0.166080
     0.747599   -0.167223
     0.755939   -0.168342
     0.764226   -0.169436
     0.772456   -0.170506
     0.780626   -0.171550
     0.788731   -0.172570
     0.796767   -0.173564
     0.804730   -0.174533
     0.812614   -0.175476
     0.820416   -0.176394
     0.828130   -0.177285
     0.835750   -0.178151
     0.843272   -0.178991
     0.850689   -0.179804
     0.857995   -0.180591
     0.865184   -0.181351
     0.872249   -0.182085
     0.879182   -0.182791
     0.885975   -0.183471
     0.892621   -0.184123
     0.899109   -0.184749
     0.905431   -0.185346
     0.911575   -0.185916
     0.917530   -0.186459
     0.923282   -0.186973
     0.928818   -0.187458
     0.934120   -0.187915
     0.939170   -0.188342
     0.943947   -0.188739
     0.948424   -0.189105
     0.952569   -0.189438
     0.956343   -0.189737
     0.959693   -0.189998
     0.962540   -0.190218
     0.964752   -0.190387
     0.965969   -0.190479
