     0.998127   -0.045425
     0.996985   -0.044994
     0.994908   -0.044213
     0.992235   -0.043209
     0.989089   -0.042030
     0.985542   -0.040706
     0.981644   -0.039256
     0.977432   -0.037696
     0.972936   -0.036037
     0.968178   -0.034289
     0.963179   -0.032462
     0.957957   -0.030563
     0.952527   -0.028598
     0.946901   -0.026573
     0.941091   -0.024493
     0.935109   -0.022363
     0.928965   -0.020187
     0.922666   -0.017970
     0.916222   -0.015715
     0.909640   -0.013425
     0.902927   -0.011104
     0.896090   -0.008755
     0.889136   -0.006381
     0.882070   -0.003983
     0.874898   -0.001565
     0.867626    0.000871
     0.860258    0.003322
     0.852799    0.005788
     0.845255    0.008265
     0.837629    0.010752
     0.829925    0.013247
     0.822149    0.015749
     0.814303    0.018255
     0.806392    0.020764
     0.798419    0.023274
     0.790388    0.025785
     0.782302    0.028294
     0.774165    0.030800
     0.765980    0.033302
     0.757749    0.035799
     0.749477    0.038288
     0.741166    0.040770
     0.732818    0.043242
     0.724438    0.045704
     0.716026    0.048155
     0.707587    0.050592
     0.699123    0.053016
     0.690636    0.055424
     0.682128    0.057817
     0.673603    0.060192
     0.665062    0.062549
     0.656508    0.064886
     0.647943    0.067203
     0.639370    0.069499
     0.630790    0.071772
     0.622207    0.074022
     0.613620    0.076247
     0.605034    0.078446
     0.596450    0.080619
     0.587870    0.082764
     0.579295    0.084880
     0.570729    0.086967
     0.562172    0.089024
     0.553626    0.091049
     0.545095    0.093041
     0.536578    0.094999
     0.528078    0.096924
     0.519597    0.098813
     0.511137    0.100665
     0.502699    0.102480
     0.494285    0.104257
     0.485896    0.105995
     0.477534    0.107693
     0.469964    0.109188
     0.466780    0.109723
     0.463582    0.110165
     0.459598    0.110607
     0.451186    0.111493
     0.442810    0.112338
     0.434471    0.113144
     0.426171    0.113908
     0.417911    0.114630
     0.409693    0.115310
     0.401518    0.115946
     0.393388    0.116539
     0.385305    0.117088
     0.377270    0.117591
     0.369284    0.118049
     0.361349    0.118461
     0.353467    0.118826
     0.345638    0.119144
     0.337864    0.119414
     0.330147    0.119636
     0.322488    0.119810
     0.314888    0.119934
     0.307349    0.120009
     0.299872    0.120035
     0.292459    0.120010
     0.285110    0.119935
     0.277827    0.119809
     0.270611    0.119632
     0.263464    0.119404
     0.256387    0.119124
     0.249381    0.118793
     0.242448    0.118411
     0.235588    0.117977
     0.228802    0.117490
     0.222093    0.116952
     0.215461    0.116363
     0.208908    0.115721
     0.202435    0.115027
     0.196042    0.114282
     0.189731    0.113486
     0.183503    0.112637
     0.177360    0.111738
     0.171302    0.110788
     0.165331    0.109787
     0.159448    0.108735
     0.153654    0.107633
     0.147949    0.106481
     0.142336    0.105280
     0.136815    0.104030
     0.131387    0.102730
     0.126053    0.101383
     0.120815    0.099987
     0.115674    0.098545
     0.110630    0.097055
     0.105684    0.095519
     0.100839    0.093937
     0.096094    0.092310
     0.091450    0.090638
     0.086910    0.088922
     0.082473    0.087163
     0.078141    0.085361
     0.073915    0.083516
     0.069796    0.081630
     0.065784    0.079703
     0.061881    0.077735
     0.058089    0.075728
     0.054406    0.073682
     0.050836    0.071597
     0.047378    0.069475
     0.044034    0.067315
     0.040804    0.065120
     0.037690    0.062888
     0.034693    0.060621
     0.031813    0.058320
     0.029051    0.055985
     0.026409    0.053617
     0.023886    0.051216
     0.021485    0.048783
     0.019206    0.046319
     0.017050    0.043823
     0.015018    0.041297
     0.013111    0.038740
     0.011329    0.036155
     0.009674    0.033540
     0.008146    0.030896
     0.006746    0.028224
     0.005476    0.025524
     0.004336    0.022797
     0.003327    0.020041
     0.002449    0.017259
     0.001704    0.014449
     0.001093    0.011613
     0.000616    0.008750
     0.000274    0.005860
     0.000069    0.002943
     0.000000    0.000000
     0.000069   -0.002943
     0.000274   -0.005860
     0.000616   -0.008750
     0.001093   -0.011613
     0.001704   -0.014449
     0.002449   -0.017259
     0.003327   -0.020041
     0.004336   -0.022797
     0.005476   -0.025524
     0.006746   -0.028224
     0.008146   -0.030896
     0.009674   -0.033540
     0.011329   -0.036155
     0.013111   -0.038740
     0.015018   -0.041297
     0.017050   -0.043823
     0.019206   -0.046319
     0.021485   -0.048783
     0.023886   -0.051216
     0.026409   -0.053617
     0.029051   -0.055985
     0.031813   -0.058320
     0.034693   -0.060621
     0.037690   -0.062888
     0.040804   -0.065120
     0.044034   -0.067315
     0.047378   -0.069475
     0.050836   -0.071597
     0.054406   -0.073682
     0.058089   -0.075728
     0.061881   -0.077735
     0.065784   -0.079703
     0.069796   -0.081630
     0.073915   -0.083516
     0.078141   -0.085361
     0.082473   -0.087163
     0.086910   -0.088922
     0.091450   -0.090638
     0.096094   -0.092310
     0.100839   -0.093937
     0.105684   -0.095519
     0.110630   -0.097055
     0.115674   -0.098545
     0.120815   -0.099987
     0.126053   -0.101383
     0.131387   -0.102730
     0.136815   -0.104030
     0.142336   -0.105280
     0.147949   -0.106481
     0.153654   -0.107633
     0.159448   -0.108735
     0.165331   -0.109787
     0.171302   -0.110788
     0.177360   -0.111738
     0.183503   -0.112637
     0.189731   -0.113486
     0.196042   -0.114282
     0.202435   -0.115027
     0.208908   -0.115721
     0.215461   -0.116363
     0.222093   -0.116952
     0.228802   -0.117490
     0.235588   -0.117977
     0.242448   -0.118411
     0.249381   -0.118793
     0.256387   -0.119124
     0.263464   -0.119404
     0.270611   -0.119632
     0.277827   -0.119809
     0.285110   -0.119935
     0.292459   -0.120010
     0.299872   -0.120035
     0.307349   -0.120009
     0.314888   -0.119934
     0.322488   -0.119810
     0.330147   -0.119636
     0.337864   -0.119414
     0.345638   -0.119144
     0.353467   -0.118826
     0.361349   -0.118461
     0.369284   -0.118049
     0.377270   -0.117591
     0.385305   -0.117088
     0.393388   -0.116539
     0.401518   -0.115946
     0.409693   -0.115310
     0.417911   -0.114630
     0.426171   -0.113908
     0.434471   -0.113144
     0.442810   -0.112338
     0.451186   -0.111493
     0.455168   -0.111078
     0.457159   -0.110868
     0.460421   -0.110790
     0.466945   -0.110618
     0.475508   -0.110363
     0.484103   -0.110075
     0.492728   -0.109752
     0.501382   -0.109397
     0.510062   -0.109009
     0.518766   -0.108590
     0.527494   -0.108140
     0.536242   -0.107660
     0.545009   -0.107150
     0.553793   -0.106610
     0.562592   -0.106043
     0.571403   -0.105447
     0.580226   -0.104825
     0.589057   -0.104176
     0.597895   -0.103501
     0.606737   -0.102800
     0.615581   -0.102076
     0.624425   -0.101327
     0.633267   -0.100555
     0.642104   -0.099760
     0.650933   -0.098944
     0.659754   -0.098106
     0.668562   -0.097247
     0.677355   -0.096368
     0.686132   -0.095470
     0.694889   -0.094553
     0.703623   -0.093618
     0.712332   -0.092666
     0.721013   -0.091696
     0.729663   -0.090711
     0.738279   -0.089710
     0.746858   -0.088695
     0.755396   -0.087665
     0.763892   -0.086623
     0.772341   -0.085568
     0.780739   -0.084501
     0.789084   -0.083423
     0.797372   -0.082335
     0.805599   -0.081238
     0.813760   -0.080132
     0.821853   -0.079019
     0.829873   -0.077900
     0.837815   -0.076775
     0.845675   -0.075645
     0.853448   -0.074512
     0.861130   -0.073377
     0.868715   -0.072241
     0.876198   -0.071105
     0.883573   -0.069971
     0.890834   -0.068840
     0.897974   -0.067714
     0.904988   -0.066594
     0.911868   -0.065482
     0.918605   -0.064381
     0.925193   -0.063291
     0.931623   -0.062215
     0.937884   -0.061157
     0.943966   -0.060117
     0.949858   -0.059100
     0.955548   -0.058107
     0.961020   -0.057143
     0.966260   -0.056212
     0.971249   -0.055318
     0.975965   -0.054465
     0.980384   -0.053659
     0.984475   -0.052908
     0.988198   -0.052220
     0.991501   -0.051606
     0.994307   -0.051081
     0.996488   -0.050672
     0.997687   -0.050446
